,FSV,M,g,l,max_delta,max_ll,max_mu_hat,max_s2_t_hat,model,n,s2_FSV,s2_logdelta,time,BIC,max_ll_null,LLR,pval,qval,FDR,Receptors
45,0.9138911479709027,4,ERBB4,0.05137190344528455,0.08530371652531339,-10.051974240264842,5.888590043926829,15.425332820074278,SE,16,0.0036124550554293123,0.49765997967652165,0.0007257461547851562,31.194303369488807,-17.04287970946704,6.990905469202199,0.008192489906065692,0.15496782183116636,0.15496782183116636,HBEGF
33,0.9999524653246926,4,INS,0.01722354256092627,4.5399929762484854e-05,0.27484409742183225,4.2431004431939074,11.758434302697896,SE,16,1.189000198745447e-06,381.085607693915,0.0007710456848144531,10.54066669411546,-6.314453946969275,6.589298044391107,0.010259361643320752,0.15496782183116636,0.15496782183116636,INSR
24,0.9995485203367591,4,EFNA3,0.01722354256092627,0.00043137832175235274,-2.286102689982725,4.584121084932208,13.741851463175177,SE,16,1.3705262085833086e-05,48.77579906714534,0.0008132457733154297,15.662560268924574,-8.65820126225786,6.372098572275135,0.01159284214540901,0.15496782183116636,0.15496782183116636,EPHA4
42,0.9272182361234461,4,DLL1,0.05137190344528455,0.07106491424689122,-0.6269130628773274,5.346836718002117,12.621949169699953,SE,16,0.00303433076986142,0.5557390960927658,0.000885009765625,12.34418101471378,-6.567306006932007,5.94039294405468,0.014797719227296113,0.15496782183116636,0.15496782183116636,NOTCH2
50,0.7755096407013946,4,CRH,0.15322471868120213,0.20877547750225167,-3.843284484412915,4.902479605943558,5.271464171829956,SE,16,0.014206055536221547,0.4798573020554772,0.0007295608520507812,18.776923857784954,-9.73724158428573,5.893957099872815,0.015192923708937878,0.15496782183116636,0.15496782183116636,CRHR2
39,0.9972535134518755,4,WNT5A,0.01722354256092627,0.002630243196322958,-3.1404476750259906,3.8424216388114742,9.698552762995872,SE,16,9.218005985210397e-05,8.950073345820217,0.0010385513305664062,17.371250239011104,-8.640281190771951,5.49983351574596,0.019018284234391003,0.16165541599232353,0.16165541599232353,FZD3
26,0.999884447361608,4,EGF,0.01722354256092627,0.00011037076622429909,-6.344279739569423,3.4808064154206133,8.140136155618052,SE,16,1.5039707761382199e-05,815.9519547762059,0.0008089542388916016,23.778914368097972,-11.402015905169677,5.057736165600254,0.024516242335872906,0.16745820511895776,0.16745820511895773,NRG1
20,0.9938776035363157,4,CD70,0.01722354256092627,0.005883185606777915,-1.823326749786184,4.296600875827556,12.013850930341592,SE,16,0.00042515095577909883,8.424260588667861,0.004899740219116211,14.737008388531493,-6.050444910181653,4.227118160395469,0.0397829343823658,0.16745820511895776,0.16745820511895773,CD27
32,0.9920798221151914,4,INHBE,0.01722354256092627,0.00762451676835261,-3.598183468543512,4.642605135142179,14.018100399412152,SE,16,0.000877876648617807,10.471946749990927,0.0010182857513427734,18.286721826046147,-7.465327650543344,3.867144181999832,0.04924023881550044,0.16745820511895776,0.16745820511895773,ACVR2A
16,0.9982448735888246,4,SEMA4D,0.005774565442450397,0.0017192020761768805,-6.284976863283667,5.429279007909615,23.287705760909304,SE,16,0.0008487636995197421,200.96606408452652,0.001283407211303711,23.66030861552646,-10.049974168705209,3.7649973054215415,0.05233594247329432,0.16745820511895776,0.16745820511895773,PLXNB2
37,0.9602448729425704,4,TTR,0.01722354256092627,0.03953986238740289,-0.34720983169827235,4.524042315771448,12.948215457730388,SE,16,0.029695258762146137,16.002976477266746,0.0008077621459960938,11.78477455235567,-4.045281209668936,3.6980713779706633,0.054475400865357515,0.16745820511895776,0.16745820511895773,DDR1
17,0.9999535720612205,4,SEMA7A,0.005774565442450397,4.5399929762484854e-05,-3.225830318396124,5.270723918486257,21.934166380197688,SE,16,4.567781803239935e-05,15346.389692096776,0.0007121562957763672,17.542015525751374,-6.8389928520938925,3.6131625336977686,0.057324012860553886,0.16745820511895776,0.16745820511895773,PLXNC1
49,0.8159318877267387,4,VEGFB,0.05137190344528455,0.2042392826458012,-0.07464131417787634,5.229169452612329,11.263415455982054,SE,16,0.012277848869062408,0.533196685314225,0.0008547306060791016,11.239637517314877,-3.627239503233884,3.552598189056008,0.05945228952997483,0.16745820511895776,0.16745820511895773,NRP1
47,0.8112745972869295,4,INHBC,0.05137190344528455,0.21060908802018793,-2.406074005573428,4.495914234457602,8.346809212480352,SE,16,0.013000105178291197,0.5461935647155757,0.0007193088531494141,15.902502900105981,-5.889998064683702,3.483924059110274,0.06196763206881639,0.16745820511895776,0.16745820511895773,ACVR2B
11,0.9996549314019848,4,GDF11,0.005774565442450397,0.00033752888177948664,-2.357460175197713,4.68367673295229,17.32902177510317,SE,16,0.0029784840306917417,18137.82042991877,0.0015828609466552734,15.80527523935455,-5.76005396792624,3.402593792728527,0.06509398584460768,0.16745820511895776,0.16745820511895773,ANTXR1
35,0.9982438030081349,4,PLXNB2,0.01722354256092627,0.0016801985701752052,1.0398367504433441,5.930187243007345,22.778386073773845,SE,16,6.241390795192556e-05,14.760109768683636,0.001119375228881836,9.010681388072436,-2.3337448122921494,3.3735815627354935,0.06624958447004203,0.16745820511895776,0.16745820511895773,SEMA4C
5,0.9994341248665195,4,CSF1,0.005774565442450397,0.0005536331033303307,-3.45247318744941,4.5637409649999405,16.471668372699998,SE,16,0.0016550067326923732,3751.104348514365,0.0015647411346435547,17.995301263857947,-6.8113680790452955,3.3588948915958854,0.06684291061077852,0.16745820511895776,0.16745820511895773,CELSR3
38,0.9185517030819255,4,WNT1,0.01722354256092627,0.08468420320694894,-4.448439459752842,4.34567351481067,11.64523629370283,SE,16,0.23386725894495444,35.36995362313002,0.0008795261383056641,19.987233808464808,-7.719007895064884,3.2705684353120423,0.07053318002872533,0.16745820511895776,0.16745820511895773,RYK
36,0.843465570490172,4,SPP1,0.01722354256092627,0.17724195010489782,-9.609288524092843,5.844340759585811,19.829489543957198,SE,16,0.026796229725360696,1.4551131613840256,0.0007357597351074219,30.308931937144813,-12.861064621999073,3.2517760979062302,0.07134610874508818,0.16745820511895776,0.16745820511895773,CD44
43,0.7627281703204464,4,EFNB2,0.05137190344528455,0.28163784773865,-3.3489017925772817,6.158562960187614,15.083595079997316,SE,16,0.01634828793488961,0.5174755469352282,0.0007855892181396484,17.788158474113686,-6.550532759172842,3.2016309665955607,0.07356487341176499,0.16745820511895776,0.16745820511895773,EPHB1
29,0.9906571660863367,4,GAL,0.01722354256092627,0.009006981024230672,-5.022710062393017,4.435834899448252,12.834465990726528,SE,16,0.0019309820892156495,16.650915177156325,0.0011091232299804688,21.13577501374516,-8.145958486650047,3.1232484242570298,0.07718277658929329,0.16745820511895776,0.16745820511895773,GALR3
14,0.9988174662785528,4,MDK,0.005774565442450397,0.0011576653104409232,-0.08448458723556662,6.2013621507982375,30.244897911190925,SE,16,0.0009712966146811673,505.4075255888971,0.0014674663543701172,11.259324063430258,-3.1241639083668815,3.039679321131315,0.08125196661439482,0.16745820511895776,0.16745820511895773,LRP1
48,0.8216113969081894,4,VEGFA,0.05137190344528455,0.19656911124336515,-2.514681697030692,6.497074332940673,17.43662226828461,SE,16,0.015091417970827624,0.6835197265019431,0.0008866786956787109,16.11971828302051,-5.542548608801326,3.0278669117706336,0.08184555144920536,0.16745820511895776,0.16745820511895773,EPHB2
41,0.7538817824767778,4,COPA,0.05137190344528455,0.2955664508841635,-2.3102813334959196,5.661894904353357,12.67312013476089,SE,16,0.018521309173356284,0.5623710997605179,0.0007281303405761719,15.710917555950964,-5.3365574892053935,3.026276155709474,0.08192584526577429,0.16745820511895776,0.16745820511895773,P2RY6
7,0.9983724136972082,4,FAM3C,0.005774565442450397,0.001594068823183381,-2.134016334055696,6.797879291277225,36.33724458110681,SE,16,0.0008697381091900761,239.34398314812353,0.0015985965728759766,15.358387557070516,-5.115344230117756,2.9813278960620604,0.08423014110625504,0.16745820511895776,0.16745820511895773,HLA-C
46,0.7637999199491705,4,FGFR2,0.05137190344528455,0.279972294302552,-3.5523181331514477,6.005655320590856,14.362158903684637,SE,16,0.017996157081121993,0.5726179063434491,0.0007228851318359375,18.19499115526202,-6.461357090452655,2.909038957301207,0.08808434917902985,0.16745820511895776,0.16745820511895773,XPR1
13,0.9962699427176607,4,JAG1,0.005774565442450397,0.0036609524437063085,-4.379473792765531,5.083775847687169,20.36674892967869,SE,16,0.0009376481298647676,49.55976542200786,0.00173187255859375,19.849302474490187,-7.269947917147891,2.8904741243823597,0.08910469972455626,0.16745820511895776,0.16745820511895773,CD46
31,0.961887435285369,4,IFNA8,0.01722354256092627,0.037841463807893605,-1.2341856070076904,4.31770928703628,11.829805274537957,SE,16,0.07987426756869455,46.52783116628855,0.0008480548858642578,13.558726102974505,-4.074297035654993,2.840111428647303,0.09193783810452583,0.16745820511895776,0.16745820511895773,GPR152
30,0.9006743021810159,4,GRP,0.01722354256092627,0.10532169937031052,-2.137827317249874,4.614238776044886,12.892527670340513,SE,16,0.37971434551416183,41.35424608949323,0.0009591579437255859,15.366009523458873,-4.826308641281958,2.688481324032084,0.10107610805194722,0.17462990609981327,0.17462990609981324,GRPR
18,0.9893495190564319,4,TNF,0.005774565442450397,0.010526284085229215,-6.026013679130726,4.551509322501816,16.28559029049906,SE,16,0.0019408909917551177,12.948612965688977,0.0010373592376708984,23.142382247220574,-8.688756286265075,2.6627426071343496,0.10272347417636074,0.17462990609981327,0.17462990609981324,NOTCH1
44,0.745730270143093,4,EPO,0.05137190344528455,0.30869352065541045,-4.77450671763606,4.563841268425016,8.24672080773988,SE,16,0.022411032949472103,0.6563662166413519,0.0007200241088867188,20.639368324231242,-7.3738640435103076,2.599357325874248,0.10690705889495866,0.17587935495622234,0.17587935495622234,EFNB2
1,0.9926870117576605,4,PTN,0.0019360480534818052,0.007306702153562241,-4.732159615688343,7.074812887095597,46.72963061083689,SE,16,0.08233473660371124,1149.1221182436032,0.00156402587890625,20.55467412033581,-7.128123289997044,2.3959636743087005,0.12164876538223346,0.19387771982793459,0.19387771982793459,PTPRS
9,0.9692373510061824,4,FGF7,0.005774565442450397,0.031034817951020283,-5.206307511795535,3.0194411757437516,7.114989702987196,SE,16,0.006640817709026464,5.764650837490968,0.0009255409240722656,21.502969912550192,-7.53777953881977,2.331472027024235,0.1267819365816958,0.19520466558517202,0.19520466558517202,FGFR3
25,0.7838772468554548,4,EFNA4,0.01722354256092627,0.2633155078016429,-6.231695424080916,4.251428279684249,9.981237353645412,SE,16,0.0800548981368878,2.831245630950556,0.0008058547973632812,23.553745737120956,-8.522571570518178,2.2908761464372613,0.13013644372344801,0.19520466558517202,0.19520466558517202,EPHA5
23,0.7838773405562034,4,EFNA1,0.01722354256092627,0.2633153621649205,-7.192517062285956,5.041263413410564,13.997574316956431,SE,16,0.10467803625803714,3.702076911134438,0.0007402896881103516,25.475389013531036,-9.400483796690333,2.2079667344043763,0.13729952722209426,0.1974303112929714,0.19743031129297137,EPHA3
8,0.9760918300993311,4,FGF6,0.005774565442450397,0.02395031720421695,-3.2469220961640923,4.893179050598855,18.543506796971336,SE,16,0.005054977576309524,7.065822587539743,0.001001596450805664,17.58419908128731,-5.391756925457219,2.144834829293127,0.14305043125231953,0.1974303112929714,0.19743031129297137,FGFR1
19,0.9800654335320046,4,WNT3,0.005774565442450397,0.019888743054199045,-6.384657946559686,5.633300992342554,24.675985816456468,SE,16,0.004089961976046408,8.091148279884745,0.00104522705078125,23.859670782078496,-8.524329493729843,2.139671547170156,0.14353261932700045,0.1974303112929714,0.19743031129297137,FZD7
4,0.9791259447356194,4,CORT,0.005774565442450397,0.020846055243438466,-3.5078828496766032,4.274164121077853,14.213851454732593,SE,16,0.004358457052155248,7.893847365565155,0.0010912418365478516,18.10612058831233,-5.6099002080429585,2.1020173583663553,0.14710493782613554,0.1974303112929714,0.19743031129297137,SSTR4
40,0.6748089483220057,4,CCL21,0.05137190344528455,0.4362871058583704,-3.8574456860532216,4.346398599525199,7.0790039016111805,SE,16,0.0331043866413019,0.763323314962461,0.0007340908050537109,18.80524626106557,-5.882521196221994,2.0250755101687723,0.15472123275504845,0.1997933424223396,0.1997933424223396,CCR7
21,0.7896478316698277,4,CD72,0.01722354256092627,0.2544119757294346,-6.516885838928152,4.275630648575333,10.15219061541697,SE,16,0.10301182869661667,3.766793851968442,0.0007922649383544922,24.124126566815427,-8.522665972804154,2.0057801338760015,0.1567006607234036,0.1997933424223396,0.1997933424223396,SEMA4D
6,0.9620681070493527,4,DLK1,0.005774565442450397,0.038552656818638266,-5.616860509486465,4.482841358647206,15.433799956618335,SE,16,0.009811219459010655,5.765561699372527,0.001031637191772461,22.324075907932055,-7.417958668710757,1.8010981592242912,0.17957978946246578,0.22337973811184766,0.22337973811184766,NOTCH3
22,0.6781558396878651,4,EDA,0.01722354256092627,0.4532524207920909,-5.002126945793929,4.4191477126627925,9.679105860194433,SE,16,0.09381274654313014,2.1820913861266855,0.001779794692993164,21.094608780546984,-6.639161379278892,1.6370344334849634,0.2007328417210984,0.2437470220899052,0.2437470220899052,EDAR
28,0.6720115515773363,4,FGF5,0.01722354256092627,0.46612866877900805,-3.18332507563478,4.496373646220754,9.932178127994769,SE,16,0.08668712814970254,1.9846534546054442,0.0007805824279785156,17.457005040228687,-4.7682532188526,1.5849281432178195,0.20805225992894438,0.24675965712502707,0.24675965712502707,FGFR2
2,0.9655702829608522,4,BMP7,0.005774565442450397,0.03486624489985885,1.830239538638029,4.964052396959195,18.86487013155653,SE,16,0.011078535488673246,7.791729075397983,0.0012378692626953125,7.4298758116830665,0.3360029768454318,1.4942365617925972,0.22156029506217734,0.2568085238220692,0.25680852382206915,PTPRK
3,0.9570545778925574,4,CKLF,0.005774565442450397,0.04387688470977694,-5.480286430364345,4.804227072919792,17.627830083022076,SE,16,0.013822989376580466,6.465553263001785,0.0010383129119873047,22.050927749687816,-6.889692892965492,1.4094064626011473,0.235154948803048,0.2653568391308991,0.2653568391308991,LRP6
10,0.9748835058780387,4,FGFR1,0.005774565442450397,0.025191957203338982,-0.9874225251413771,5.188588283312735,20.7893284299467,SE,16,0.006525585883543891,8.305584161076181,0.0011131763458251953,13.065199939241879,-2.371891028272497,1.38446850313112,0.23934146274551682,0.2653568391308991,0.2653568391308991,NCAM1
27,0.6226434158720472,4,FAM3B,0.01722354256092627,0.5788106809041256,-4.294305524616459,4.315816275198568,8.66300496731847,SE,16,0.11992830218127291,2.478234836988241,0.0007219314575195312,19.678965938192043,-5.561038749155582,1.2667332245391227,0.260380420499691,0.2825404562868988,0.2825404562868988,LRP5
34,0.6602671628991271,4,NRG1,0.01722354256092627,0.491407557779569,0.8077235508048162,6.173788879083867,18.395033120690044,SE,16,0.1255850917354055,2.7950508172978967,0.000873565673828125,9.474907787349492,-0.2850647701864162,1.0927883209912324,0.2958542318622205,0.31434512135360926,0.31434512135360926,ADGRL1
15,0.8692458912975741,4,PDCD1,0.005774565442450397,0.14708497536050583,-5.185370210206393,4.561812329310554,14.700762924778115,SE,16,0.0712648169878103,5.041531754526579,0.0007920265197753906,21.461095309371913,-6.2468521394134235,1.06148192920703,0.3028774345048916,0.3152397787703974,0.3152397787703973,CD274
12,0.8157363688262037,4,IL13,0.005774565442450397,0.2208744158595158,-7.059238835990549,4.885975367025006,16.01780063084254,SE,16,0.1428654916891424,6.195533293313067,0.001142263412475586,25.208832560940223,-7.79534125224826,0.7361024162577108,0.39091228091664854,0.3987305265349815,0.39873052653498153,TMEM219
0,0.8422932071651216,4,EREG,0.0019360480534818052,0.1857060148944405,1.012505182680096,1.3327568322372962,1.4594625521689166,SE,16,0.28353814172717345,15.23437818809549,0.0009748935699462891,9.065344523598933,0.3652176752657432,0.6472875074143527,0.4210841390004463,0.4210841390004463,0.4210841390004463,EGFR
