,FSV,M,g,l,max_delta,max_ll,max_mu_hat,max_s2_t_hat,model,n,s2_FSV,s2_logdelta,time,BIC,max_ll_null,LLR,pval,qval,FDR,Receptors
9,0.9999524653246926,4,BMP7,0.01722354256092627,4.5399929762484854e-05,-2.0488204846175098,4.78931646554422,14.98963614546749,SE,16,1.4397523084399823e-06,461.45398795332835,0.0007333755493164062,15.187995858194144,-9.933423629010948,7.884603144393438,0.004985741746536765,0.09155736272808121,0.09155736272808121,PTPRK
38,0.9897989076439515,4,TTR,0.01722354256092627,0.009842914530553836,-1.1228603441572957,4.523694918319588,13.245401622974521,SE,16,0.0005912176748175755,4.291505008236739,0.0011858940124511719,13.336075577273716,-7.705042175362403,6.582181831205108,0.010300455962032107,0.09155736272808121,0.09155736272808121,DDR1
45,0.8878871393651544,4,ERBB4,0.05137190344528455,0.11431738800073725,-13.250602640249038,5.883127772013919,15.301245924671733,SE,16,0.005250648367960844,0.47112479625733794,0.0007202625274658203,37.5915601694572,-19.67137219885401,6.42076955860497,0.01127932731222292,0.09155736272808121,0.09155736272808121,HBEGF
31,0.9999524653246926,4,JAG1,0.01722354256092627,4.5399929762484854e-05,-3.548569295193804,5.076965833929268,16.860050094717412,SE,16,1.015918056034352e-06,325.61117328623516,0.0008664131164550781,18.187493479346735,-9.668564921823686,6.119995626629882,0.013366113143594927,0.09155736272808121,0.09155736272808121,CD46
18,0.9988952611046966,4,EFNA3,0.01722354256092627,0.0010562426422491965,-4.202106908000108,4.6487603842260565,14.162141623094005,SE,16,2.7569172372223838e-05,16.431626411962203,0.0008127689361572266,19.49456870495934,-10.287034082047699,6.084927174047591,0.013633998717643259,0.09155736272808121,0.09155736272808121,EPHA4
19,0.9980342073217673,4,EFNB2,0.01722354256092627,0.0018811190910243928,-5.548051945037391,6.148625768293549,24.62202947394725,SE,16,5.049552600955013e-05,9.539182133336263,0.001238107681274414,22.186458779033906,-11.566565392578072,6.018513447540681,0.01415656610829541,0.09155736272808121,0.09155736272808121,EPHB4
22,0.9999524653246926,4,FAM3C,0.01722354256092627,4.5399929762484854e-05,-2.7292174600218644,6.861888806597779,30.58594582812827,SE,16,3.865186304994363e-06,1238.8281124285345,0.0006487369537353516,16.548789809002855,-8.621264556238874,5.892047096217009,0.015209410147309699,0.09155736272808121,0.09155736272808121,HLA-C
43,0.9178081230900973,4,EFNB3,0.05137190344528455,0.08107587140457134,-3.927438721571005,5.059848421921521,11.311866690638004,SE,16,0.004135868040686697,0.616004424912966,0.0008020401000976562,18.945232332101135,-9.646984315605318,5.7195455940343125,0.016777071859245596,0.09155736272808121,0.09155736272808121,EPHB6
34,0.9977063140860714,4,PLXNB2,0.01722354256092627,0.0021956101584480812,-2.395624221926292,5.934099369053093,22.859514495821873,SE,16,6.395897550750877e-05,8.88709861217122,0.0008957386016845703,15.881603332811709,-8.078573219099809,5.682948997173517,0.017130551537907768,0.09155736272808121,0.09155736272808121,SEMA4C
57,0.8786001942226265,4,VEGFB,0.05137190344528455,0.1250953945731222,-4.215335683074115,5.2938612874354325,12.06845555618919,SE,16,0.005484287466802841,0.4346006734799516,0.0007181167602539062,19.521026255107355,-9.843566560565858,5.628230877491743,0.017673459397010927,0.09155736272808121,0.09155736272808121,NRP1
32,0.9984102724720373,4,LTA,0.01722354256092627,0.0015206793851968326,-3.5826987895804923,4.318938291150657,12.23007691041266,SE,16,4.1631911237660464e-05,12.007001085773664,0.0010085105895996094,18.255752468120107,-9.060597611253375,5.477898821672882,0.019258394853998606,0.09155736272808121,0.09155736272808121,LTBR
49,0.8681114597878049,4,FGFR2,0.05137190344528455,0.137545439816982,-4.648989001380516,6.028366028127425,15.509566116536392,SE,16,0.006103696994660087,0.42619989533580355,0.0007212162017822266,20.388332891720157,-9.987390683439418,5.338401682058902,0.020860591070137935,0.09155736272808121,0.09155736272808121,XPR1
55,0.9011125302874021,4,PDGFB,0.05137190344528455,0.09935205627250565,-4.536778493538249,4.6682640838996505,9.56489901226853,SE,16,0.004373156382257195,0.4797048775603044,0.0008866786956787109,20.163911876035623,-9.811622275979817,5.274843782441567,0.02163572923415491,0.09155736272808121,0.09155736272808121,PDGFRB
30,0.9991459914344216,4,INS,0.01722354256092627,0.0008163140679448594,-5.816579542128556,4.355167586775937,12.51491781708475,SE,16,2.1727361704114455e-05,21.647354389925603,0.0011410713195800781,22.723513973216235,-10.83444171765401,5.017862175525455,0.02508712393516399,0.09155736272808121,0.09155736272808121,INSR
56,0.8478942441628496,4,VEGFA,0.05137190344528455,0.1624121762336217,-8.2379575048876,6.514827163917783,17.946053822641964,SE,16,0.008306876881512614,0.4700138592525924,0.0007152557373046875,27.566269898734326,-13.163412470388964,4.925454965501364,0.02646383306513611,0.09155736272808121,0.09155736272808121,EPHB2
39,0.9903355372744442,4,WNT5A,0.01722354256092627,0.00932007391187976,-6.918885697836327,4.033868079321235,10.707603572046224,SE,16,0.0007844344409549091,6.329873627008228,0.0011796951293945312,24.92812628463178,-11.79756871573905,4.878683017902723,0.027190357497608675,0.09155736272808121,0.09155736272808121,FZD3
29,0.9998432250624202,4,INHBE,0.01722354256092627,0.00014975065582911558,-5.590671172075494,4.681567262448318,14.43196296223098,SE,16,1.2978187682582236e-05,382.5783442133852,0.0012733936309814453,22.27169723311011,-10.404857256050986,4.814186083975493,0.02822639876943045,0.09155736272808121,0.09155736272808121,ACVR2A
17,0.9744468140998022,4,EFNA2,0.01722354256092627,0.025044416582532383,-4.4020393989910165,4.880419484701429,15.281852273745253,SE,16,0.0035108219089385897,4.324714699564763,0.0008046627044677734,19.894433686941156,-9.18603673893436,4.783997339943344,0.0287253664773518,0.09155736272808121,0.09155736272808121,EPHA7
14,0.9851205564262557,4,DLL1,0.01722354256092627,0.014425182420217309,-2.5524967244070593,5.426770711920181,18.96254293865069,SE,16,0.0017035111850057256,5.924998894315027,0.0008087158203125,16.195348337773243,-7.288532120998406,4.736035396591347,0.029537064242385114,0.09155736272808121,0.09155736272808121,NOTCH2
27,0.9968353237371264,4,GRP,0.01722354256092627,0.003032004734127997,-2.558558280786098,4.693977127474122,14.36072182226933,SE,16,0.0001452077257411652,10.63728917030493,0.0008838176727294922,16.207471450531322,-7.106352384272791,4.547794103486693,0.03296118507647783,0.09155736272808121,0.09155736272808121,GRPR
35,0.9502527004117264,4,PROS1,0.01722354256092627,0.04999820390074812,-7.002817078090406,5.070543174215788,16.248504195860395,SE,16,0.011724373483105944,4.198932794207532,0.0007171630859375,25.095989045139937,-11.394199554757346,4.39138247666694,0.03612101267701928,0.09155736272808121,0.09155736272808121,AXL
41,0.8080864917132192,4,COPA,0.05137190344528455,0.21501181337155872,-5.177386856376229,5.739425040887251,13.551929682717855,SE,16,0.01126546727663427,0.46303562626884154,0.000720977783203125,21.44512860171158,-9.48128665213884,4.303899795762611,0.03802508338243393,0.09155736272808121,0.09155736272808121,SORT1
20,0.9228393348171797,4,EGF,0.01722354256092627,0.07985348418877104,-10.433172229346093,3.457796483686478,7.620230080630282,SE,16,0.011422122634746524,1.8931523818229452,0.0007190704345703125,31.95669934765131,-14.697832082444247,4.264659853098154,0.03891303914154043,0.09155736272808121,0.09155736272808121,NRG1
48,0.7882808411173392,4,FGFR1,0.05137190344528455,0.24316093963630647,-4.891195999637174,5.147286432572588,10.777987214776568,SE,16,0.01170636712066862,0.42463588939052344,0.0007269382476806641,20.872746888233472,-9.124670076357079,4.233474076719905,0.03963423607610672,0.09155736272808121,0.09155736272808121,NCAM1
51,0.7983158802084561,4,MDK,0.05137190344528455,0.22872390650319266,-4.659583452874215,6.29368141523416,16.153119306053142,SE,16,0.012019995969412956,0.46341932651017753,0.0007557868957519531,20.409521794707555,-8.845285539245536,4.185702086371321,0.0407663239560887,0.09155736272808121,0.09155736272808121,LRP1
10,0.9922358182715668,4,CD70,0.01722354256092627,0.007473168873186523,-4.378802996655342,4.291068628116047,12.023565375341702,SE,16,0.0007138551028820564,8.855279387938772,0.0008544921875,19.84796088226981,-8.476934013196693,4.098131016541352,0.04293064562759907,0.09155736272808121,0.09155736272808121,CD27
28,0.9991894580792305,4,IFNA8,0.01722354256092627,0.0007747322637273972,-3.4307369325247548,4.3616557802780545,12.47889868793461,SE,16,2.3764823528645042e-05,26.280113025218355,0.0011341571807861328,17.951828754008634,-7.528552909771564,4.0978159772468095,0.04293864630172961,0.09155736272808121,0.09155736272808121,GPR152
25,0.9925177662143497,4,GAL,0.01722354256092627,0.007199742913567444,-7.783696678652603,4.491437425540106,13.265873826756744,SE,16,0.0008171189209893469,10.901837834231115,0.0010585784912109375,26.657748246264333,-11.805678178378319,4.021981499725715,0.04491091881425702,0.09155736272808121,0.09155736272808121,GALR3
54,0.8145588835302752,4,NTF3,0.05137190344528455,0.2061095775828537,-2.6673494612195237,4.284895459851861,7.611074513780663,SE,16,0.012155721317263113,0.5227037983055851,0.0007355213165283203,16.425053811398172,-6.592895135943291,3.925545674723767,0.04755775396131823,0.09155736272808121,0.09155736272808121,NTRK3
44,0.810048581943114,4,EPO,0.05137190344528455,0.21229809555186055,-4.537479364966154,4.70683203730652,9.162242757377992,SE,16,0.011995549197701481,0.4997181009783286,0.0007212162017822266,20.16531361889143,-8.43870657592618,3.901227210960026,0.04825084986493222,0.09155736272808121,0.09155736272808121,EFNB2
6,0.9999535720612205,4,TNF,0.005774565442450397,4.5399929762484854e-05,-9.574046613596682,4.598843788462601,16.881731809699673,SE,16,5.865206066460103e-05,19705.349729381283,0.0007183551788330078,30.23844811615249,-13.475265571251017,3.9012189576543346,0.048251086891907824,0.09155736272808121,0.09155736272808121,NOTCH1
59,0.8062885136774488,4,WNT7A,0.05137190344528455,0.21751014845359942,-6.788180307887177,5.052220743815989,10.552411922503179,SE,16,0.013269584811883032,0.5388266516606321,0.0007195472717285156,24.666715504733478,-10.669347693100809,3.881167385213632,0.048830593454976645,0.09155736272808121,0.09155736272808121,LDLR
58,0.8232614698972932,4,WNT1,0.05137190344528455,0.19436052921239122,-6.896899229396674,4.3357705192206915,7.911641270083779,SE,16,0.012832776081039048,0.5885782750435539,0.0008296966552734375,24.884153347752473,-10.675917688637256,3.7790184592405813,0.05189909687131522,0.09421698134215506,0.09421698134215506,RYK
52,0.7476140828980963,4,MIF,0.05137190344528455,0.3056344246159199,-3.2881932497516093,5.275796600527402,10.976970631623756,SE,16,0.016960775740469395,0.5008069930990199,0.00064849853515625,17.66674138846234,-6.996552197125874,3.708358947374265,0.054140596387509454,0.09421698134215506,0.09421698134215506,TNFRSF10D
3,0.9999535720612206,4,PTN,0.005774565442450397,4.5399929762484854e-05,-1.6995109253495038,6.856826852341205,37.01217801064989,SE,16,7.993973113407217e-05,26857.37451364807,0.0007138252258300781,14.489376739658132,-5.3498083864241295,3.6502974610746257,0.05605919842890372,0.09421698134215506,0.09421698134215506,PTPRS
47,0.8235651480616308,4,FGF5,0.05137190344528455,0.19395502773577022,-4.777318452017029,4.511532584706551,8.5091117665263,SE,16,0.012214966585656344,0.5615510440640245,0.0007250308990478516,20.64499179299318,-8.413684690435014,3.6363662384179847,0.056530188805293036,0.09421698134215506,0.09421698134215506,FGFR2
26,0.966659260551336,4,GDF11,0.01722354256092627,0.03294016850592828,-5.532437428950623,4.778779783179793,14.600397652521641,SE,16,0.06342562131188144,47.36186134880718,0.0008153915405273438,22.15522974686037,-8.98204928988086,3.4496118609302373,0.06326662518949133,0.09849589941752215,0.09849589941752215,ANTXR1
42,0.7663324398538983,4,EFNA4,0.05137190344528455,0.2760551400573652,-6.995862017023704,4.264281858611712,7.361465441885179,SE,16,0.016125986183245903,0.5195648116459454,0.0007174015045166016,25.082078923006534,-10.424056853427519,3.428194836403815,0.06409212057335345,0.09849589941752215,0.09849589941752215,EPHA5
4,0.9958850941401354,4,SEMA4D,0.005774565442450397,0.004040231830004845,-7.18292234759549,5.426367301343651,23.235110843119667,SE,16,0.0009557033936088836,41.573632341041346,0.0011954307556152344,25.456199584150106,-10.553036623351115,3.3701142757556255,0.06638915010437785,0.09849589941752215,0.09849589941752215,PLXNB2
46,0.831419852383844,4,FGF2,0.05137190344528455,0.18356955868802716,-9.202504953803839,3.2218426124027,4.542017081017936,SE,16,0.015078598312549651,0.737847754483398,0.0008463859558105469,29.495364796566804,-12.570736816158243,3.3682318623544045,0.06646505273101677,0.09849589941752215,0.09849589941752215,FGFRL1
36,0.8281457679127795,4,SPP1,0.01722354256092627,0.19818804307213161,-11.880401094719279,5.869179801762941,19.809011103907245,SE,16,0.02250345989655892,1.0723610257465432,0.0007839202880859375,34.851157078397684,-15.217640858989874,3.3372397642705955,0.0677281364652027,0.09849589941752215,0.09849589941752215,CD44
24,0.9515053656224777,4,FGF7,0.01722354256092627,0.048675055162873744,-9.365276784288604,2.8951678897279765,5.535002354448251,SE,16,0.06153228300715478,23.075198767923535,0.0007348060607910156,29.820908457536333,-12.646944306131891,3.2816675218432874,0.07005771496667323,0.09849589941752215,0.09849589941752215,FGFR3
23,0.9710899515554224,4,FGF6,0.01722354256092627,0.02843238975458878,-3.95050876712168,4.997954812836668,15.967738007304481,SE,16,0.020471451356947185,19.970910391729074,0.000652313232421875,18.991372423202485,-7.2197857426057315,3.2692769754840514,0.07058872791589088,0.09849589941752215,0.09849589941752215,FGFR1
40,0.7389837118942245,4,CCL21,0.05137190344528455,0.3197771057648979,-3.7738844164604135,4.411196863356396,7.660388271765688,SE,16,0.018887075530354236,0.537714174035751,0.0008783340454101562,18.63812372187995,-6.941324801425918,3.167440384965505,0.07512008876079124,0.10235432859947831,0.10235432859947831,CCR7
5,0.9983009030335697,4,SEMA7A,0.005774565442450397,0.0016642260455123625,-7.267685902712511,5.287052819993627,22.11751619032748,SE,16,0.0008631656308583471,218.0264653120549,0.0015895366668701172,25.62572669438415,-10.386250451227712,3.1185645485152005,0.07740494331463432,0.10235432859947831,0.10235432859947831,PLXNC1
53,0.784954204610922,4,NRG1,0.05137190344528455,0.2480283132341515,-6.945681719963656,6.205961075005313,15.611011223897432,SE,16,0.018726514042757932,0.6663537743706913,0.0007224082946777344,24.981718328886437,-10.041956838967709,3.0962751190040523,0.0784716519262667,0.10235432859947831,0.10235432859947831,ADGRL1
15,0.8217879670695808,4,EDA,0.01722354256092627,0.20711008705006437,-5.631556683176518,4.610800057814656,12.111094505548813,SE,16,0.0443937264732144,2.0133702996956306,0.0007550716400146484,22.35346825531216,-8.301416816381847,2.6698601332053293,0.10226501040120217,0.13055107710791766,0.13055107710791766,EDAR
16,0.8190530279667653,4,EFNA1,0.01722354256092627,0.21099069587719846,-7.990678296964411,5.07333853595181,14.645434945935321,SE,16,0.0590229675516266,2.622499609237967,0.0007300376892089844,27.07171148288795,-10.60828815738571,2.6176098604212985,0.10568352078178278,0.13135212541853392,0.13135212541853392,EPHA3
21,0.8032480273736378,4,FAM3B,0.01722354256092627,0.23393404603338783,-5.352586513967452,4.340750539273955,10.569873967503026,SE,16,0.03991046352305395,1.5882769655839986,0.0007376670837402344,21.79552791689403,-7.946560261163877,2.593973747196425,0.10727090242513604,0.13135212541853392,0.13135212541853392,LRP5
37,0.8054005303639222,4,TNFSF13B,0.01722354256092627,0.2307563950913222,-6.863070243146194,4.604504424200265,11.926576479715614,SE,16,0.07958634628068728,3.212572028182177,0.0008344650268554688,24.816495375251513,-9.267187457455684,2.4041172143094895,0.12101637458807502,0.14158307204026688,0.14158307204026688,TFRC
7,0.9834443697968791,4,WNT3,0.005774565442450397,0.016460822536136236,-8.930359808084892,5.649169868325829,24.94591161223891,SE,16,0.0031356622542209516,8.870334891831023,0.0009620189666748047,28.951074505128908,-11.329565284869101,2.399205476784209,0.12139689280624477,0.14158307204026688,0.14158307204026688,FZD7
8,0.8236160396898884,4,ADCYAP1,0.01722354256092627,0.20453060283169625,-7.991947891480308,4.590560863560075,12.071379216397593,SE,16,0.13551977242708593,6.232606170266866,0.0007724761962890625,27.074250671919742,-10.374393345427602,2.3824454539472946,0.12270532910156462,0.14158307204026688,0.14158307204026688,ADCYAP1R1
0,0.9850717310939334,4,CD72,0.005774565442450397,0.01481825988856161,-8.979126163048676,4.331740077476658,14.78251111872795,SE,16,0.0028542689122166946,9.864604856823178,0.0009641647338867188,29.048607215056478,-11.2732042978624,2.2940781348137236,0.12986829709713033,0.14702071369486452,0.14702071369486452,SEMA4D
50,0.6936485483895732,4,IL13,0.05137190344528455,0.39984814455686124,-5.124345439820608,4.887846396339253,9.081352747020787,SE,16,0.029075638006502032,0.7062649558481112,0.0007281303405761719,21.339045768600343,-7.343254202350564,2.2189087625299555,0.13632938881334522,0.1514770986814947,0.1514770986814947,TMEM219
13,0.7768647008379139,4,DLK1,0.01722354256092627,0.27431331955799576,-9.426369080338013,4.447634699744174,10.90460152572415,SE,16,0.14720254149317244,5.0084379903899965,0.0007309913635253906,29.943093049635152,-11.466173904912344,2.0398048245743308,0.15322930566781678,0.16715924254670922,0.16715924254670922,NOTCH3
12,0.7273754728326108,4,CRH,0.01722354256092627,0.35795652020218055,-1.6116870396772445,4.59901362308262,10.991241113093439,SE,16,0.07753544872964328,2.108906418907207,0.0007381439208984375,14.313728968313614,-3.619068823627458,2.0073817839502137,0.1565352643915897,0.16771635470527468,0.16771635470527468,CRHR2
1,0.9633860409769357,4,CKLF,0.005774565442450397,0.037162246170597324,-7.21235681460986,4.7343278765115295,17.248024276824246,SE,16,0.009727675598570204,6.103047904744197,0.0010139942169189453,25.515068518178843,-9.005056107675816,1.7926992930659562,0.18059762660775847,0.19010276485027208,0.19010276485027208,LRP6
33,0.7100078441330303,4,PDCD1,0.01722354256092627,0.39007409403593446,-8.323933705501256,4.57881511772144,10.78920550694155,SE,16,0.12632479481989267,3.2305062022134607,0.000732421875,27.738222299961635,-9.898643005183818,1.5747092996825618,0.20952442513465508,0.21674940531171216,0.21674940531171216,CD274
11,0.6482875154979646,4,CER1,0.01722354256092627,0.51813643296904,-10.594588764190513,4.41886328682804,9.44734294543128,SE,16,0.13256005953620079,2.873872085943082,0.0007283687591552734,32.27953241734015,-11.95371291359538,1.3591241494048667,0.24368933181319707,0.2455420587723881,0.2455420587723881,MRC2
2,0.9342115028544,4,CORT,0.005774565442450397,0.06885894574164643,-6.292761001554436,4.357771054439822,14.2575679054705,SE,16,0.02366974854515915,5.163080906828245,0.0009136199951171875,23.675876892067997,-7.641252211527251,1.3484912099728152,0.2455420587723881,0.2455420587723881,0.2455420587723881,SSTR4
